bpm: 103.1636863823934
ibi: 581.6
sdnn: 107.69141098527774
sdsd: 119.55647201218343
rmssd: 171.1724276862369
pnn20: 0.96875
pnn50: 0.65625
hr_mad: 40.0
sd1: 120.40296923249026
sd2: 107.87724505195709
s: 40805.332101362896
sd1/sd2: 1.1161109015576027
breathingrate: 0.2751031636863824
